version https://git-lfs.github.com/spec/v1
oid sha256:886b63b87927b47676f87728649596f0e2d7729ad36554927458802b0e88690a
size 624756
